-50.6568720458690
-50.5615618660647
-50.4662516862604
-50.3709415064560
-50.2756313266517
-50.1803211468474
-50.0850109670431
-49.9897007872387
-49.8943906074344
-49.7990804276301
-49.7037702478258
-49.6084600680215
-49.5131498882171
-49.4178397084128
-49.3225295286085
-49.2272193488042
-49.1319091689999
-49.0365989891955
-48.9412888093912
-48.8459786295869
-48.7506684497826
-48.6553582699782
-48.5600480901739
-48.4647379103696
-48.3694277305653
-48.2741175507610
-48.1788073709566
-48.0834971911523
-47.9881870113480
-47.8928768315437
-47.7975666517393
-47.7022564719350
-47.6069462921307
-47.5116361123264
-47.4163259325221
-47.3210157527177
-47.2257055729134
-47.1303953931091
-47.0350852133048
-46.9397750335004
-46.8444648536961
-46.7491546738918
-46.6538444940875
-46.5585343142832
-46.4632241344788
-46.3679139546745
-46.2726037748702
-46.1772935950659
-46.0819834152616
-45.9866732354572
-45.8913630556529
-45.7960528758486
-45.7007426960443
-45.6054325162399
-45.5101223364356
-45.4148121566313
-45.3195019768270
-45.2241917970227
-45.1288816172183
-45.0335714374140
-44.9382612576097
-44.8429510778054
-44.7476408980010
-44.6523307181967
-44.5570205383924
-44.4617103585881
-44.3664001787838
-44.2710899989794
-44.1757798191751
-44.0804696393708
-43.9851594595665
-43.8898492797621
-43.7945390999578
-43.6992289201535
-43.6039187403492
-43.5086085605449
-43.4132983807405
-43.3179882009362
-43.2226780211319
-43.1273678413276
-43.0320576615232
-42.9367474817189
-42.8414373019146
-42.7461271221103
-42.6508169423060
-42.5555067625016
-42.4601965826973
-42.3648864028930
-42.2695762230887
-42.1742660432843
-42.0789558634800
-41.9836456836757
-41.8883355038714
-41.7930253240671
-41.6977151442627
-41.6024049644584
-41.5070947846541
-41.4117846048498
-41.3164744250454
-41.2211642452411
-41.1258540654368
-41.0305438856325
-40.9352337058282
-40.8399235260238
-40.7446133462195
-40.6493031664152
-40.5539929866109
-40.4586828068066
-40.3633726270022
-40.2680624471979
-40.1727522673936
-40.0774420875893
-39.9821319077849
-39.8868217279806
-39.7915115481763
-39.6962013683720
-39.6008911885676
-39.5055810087633
-39.4102708289590
-39.3149606491547
-39.2196504693504
-39.1243402895460
-39.0290301097417
-38.9337199299374
-38.8384097501331
-38.7430995703288
-38.6477893905244
-38.5524792107201
-38.4571690309158
-38.3618588511115
-38.2665486713071
-38.1712384915028
-38.0759283116985
-37.9806181318942
-37.8853079520899
-37.7899977722855
-37.6946875924812
-37.5993774126769
-37.5040672328726
-37.4087570530682
-37.3134468732639
-37.2181366934596
-37.1228265136553
-37.0275163338510
-36.9322061540466
-36.8368959742423
-36.7415857944380
-36.6462756146337
-36.5509654348293
-36.4556552550250
-36.3603450752207
-36.2650348954164
-36.1697247156121
-36.0744145358077
-35.9791043560034
-35.8837941761991
-35.7884839963948
-35.6931738165904
-35.5978636367861
-35.5025534569818
-35.4072432771775
-35.3119330973732
-35.2166229175688
-35.1213127377645
-35.0260025579602
-34.9306923781559
-34.8353821983515
-34.7400720185472
-34.6447618387429
-34.5494516589386
-34.4541414791343
-34.3588312993299
-34.2635211195256
-34.1682109397213
-34.0729007599170
-33.9775905801127
-33.8822804003083
-33.7869702205040
-33.6916600406997
-33.5963498608954
-33.5010396810910
-33.4057295012867
-33.3104193214824
-33.2151091416781
-33.1197989618738
-33.0244887820694
-32.9291786022651
-32.8338684224608
-32.7385582426565
-32.6432480628521
-32.5479378830478
-32.4526277032435
-32.3573175234392
-32.2620073436349
-32.1666971638305
-32.0713869840262
-31.9760768042219
-31.8807666244176
-31.7854564446132
-31.6901462648089
-31.5948360850046
-31.4995259052003
-31.4042157253960
-31.3089055455916
-31.2135953657873
-31.1182851859830
-31.0229750061787
-30.9276648263743
-30.8323546465700
-30.7370444667657
-30.6417342869614
-30.5464241071571
-30.4511139273527
-30.3558037475484
-30.2604935677441
-30.1651833879398
-30.0698732081354
-29.9745630283311
-29.8792528485268
-29.7839426687225
-29.6886324889182
-29.5933223091138
-29.4980121293095
-29.4027019495052
-29.3073917697009
-29.2120815898966
-29.1167714100922
-29.0214612302879
-28.9261510504836
-28.8308408706793
-28.7355306908749
-28.6402205110706
-28.5449103312663
-28.4496001514620
-28.3542899716577
-28.2589797918533
-28.1636696120490
-28.0683594322447
-27.9730492524404
-27.8777390726360
-27.7824288928317
-27.6871187130274
-27.5918085332231
-27.4964983534188
-27.4011881736144
-27.3058779938101
-27.2105678140058
-27.1152576342015
-27.0199474543971
-26.9246372745928
-26.8293270947885
-26.7340169149842
-26.6387067351799
-26.5433965553755
-26.4480863755712
-26.3527761957669
-26.2574660159626
-26.1621558361582
-26.0668456563539
-25.9715354765496
-25.8762252967453
-25.7809151169410
-25.6856049371366
-25.5902947573323
-25.4949845775280
-25.3996743977237
-25.3043642179193
-25.2090540381150
-25.1137438583107
-25.0184336785064
-24.9231234987021
-24.8278133188977
-24.7325031390934
-24.6371929592891
-24.5418827794848
-24.4465725996805
-24.3512624198761
-24.2559522400718
-24.1606420602675
-24.0653318804632
-23.9700217006588
-23.8747115208545
-23.7794013410502
-23.6840911612459
-23.5887809814416
-23.4934708016372
-23.3981606218329
-23.3028504420286
-23.2075402622243
-23.1122300824199
-23.0169199026156
-22.9216097228113
-22.8262995430070
-22.7309893632027
-22.6356791833983
-22.5403690035940
-22.4450588237897
-22.3497486439854
-22.2544384641810
-22.1591282843767
-22.0638181045724
-21.9685079247681
-21.8731977449638
-21.7778875651594
-21.6825773853551
-21.5872672055508
-21.4919570257465
-21.3966468459421
-21.3013366661378
-21.2060264863335
-21.1107163065292
-21.0154061267249
-20.9200959469205
-20.8247857671162
-20.7294755873119
-20.6341654075076
-20.5388552277032
-20.4435450478989
-20.3482348680946
-20.2529246882903
-20.1576145084860
-20.0623043286816
-19.9669941488773
-19.8716839690730
-19.7763737892687
-19.6810636094643
-19.5857534296600
-19.4904432498557
-19.3951330700514
-19.2998228902471
-19.2045127104427
-19.1092025306384
-19.0138923508341
-18.9185821710298
-18.8232719912255
-18.7279618114211
-18.6326516316168
-18.5373414518125
-18.4420312720082
-18.3467210922038
-18.2514109123995
-18.1561007325952
-18.0607905527909
-17.9654803729866
-17.8701701931822
-17.7748600133779
-17.6795498335736
-17.5842396537693
-17.4889294739649
-17.3936192941606
-17.2983091143563
-17.2029989345520
-17.1076887547477
-17.0123785749433
-16.9170683951390
-16.8217582153347
-16.7264480355304
-16.6311378557260
-16.5358276759217
-16.4405174961174
-16.3452073163131
-16.2498971365088
-16.1545869567044
-16.0592767769001
-15.9639665970958
-15.8686564172915
-15.7733462374871
-15.6780360576828
-15.5827258778785
-15.4874156980742
-15.3921055182699
-15.2967953384655
-15.2014851586612
-15.1061749788569
-15.0108647990526
-14.9155546192482
-14.8202444394439
-14.7249342596396
-14.6296240798353
-14.5343139000310
-14.4390037202266
-14.3436935404223
-14.2483833606180
-14.1530731808137
-14.0577630010093
-13.9624528212050
-13.8671426414007
-13.7718324615964
-13.6765222817921
-13.5812121019877
-13.4859019221834
-13.3905917423791
-13.2952815625748
-13.1999713827705
-13.1046612029661
-13.0093510231618
-12.9140408433575
-12.8187306635532
-12.7234204837488
-12.6281103039445
-12.5328001241402
-12.4374899443359
-12.3421797645316
-12.2468695847272
-12.1515594049229
-12.0562492251186
-11.9609390453143
-11.8656288655099
-11.7703186857056
-11.6750085059013
-11.5796983260970
-11.4843881462927
-11.3890779664883
-11.2937677866840
-11.1984576068797
-11.1031474270754
-11.0078372472710
-10.9125270674667
-10.8172168876624
-10.7219067078581
-10.6265965280538
-10.5312863482494
-10.4359761684451
-10.3406659886408
-10.2453558088365
-10.1500456290321
-10.0547354492278
-9.95942526942350
-9.86411508961918
-9.76880490981486
-9.67349473001054
-9.57818455020621
-9.48287437040189
-9.38756419059757
-9.29225401079325
-9.19694383098893
-9.10163365118461
-9.00632347138028
-8.91101329157596
-8.81570311177164
-8.72039293196732
-8.62508275216299
-8.52977257235867
-8.43446239255435
-8.33915221275003
-8.24384203294571
-8.14853185314138
-8.05322167333706
-7.95791149353274
-7.86260131372842
-7.76729113392410
-7.67198095411978
-7.57667077431545
-7.48136059451113
-7.38605041470681
-7.29074023490249
-7.19543005509816
-7.10011987529384
-7.00480969548952
-6.90949951568520
-6.81418933588088
-6.71887915607655
-6.62356897627223
-6.52825879646791
-6.43294861666359
-6.33763843685927
-6.24232825705495
-6.14701807725062
-6.05170789744630
-5.95639771764198
-5.86108753783766
-5.76577735803333
-5.67046717822901
-5.57515699842469
-5.47984681862037
-5.38453663881605
-5.28922645901172
-5.19391627920740
-5.09860609940308
-5.00329591959876
-4.90798573979444
-4.81267555999011
-4.71736538018579
-4.62205520038147
-4.52674502057715
-4.43143484077283
-4.33612466096851
-4.24081448116418
-4.14550430135986
-4.05019412155554
-3.95488394175122
-3.85957376194689
-3.76426358214257
-3.66895340233825
-3.57364322253393
-3.47833304272961
-3.38302286292528
-3.28771268312096
-3.19240250331664
-3.09709232351232
-3.00178214370800
-2.90647196390367
-2.81116178409935
-2.71585160429503
-2.62054142449071
-2.52523124468639
-2.42992106488206
-2.33461088507774
-2.23930070527342
-2.14399052546910
-2.04868034566478
-1.95337016586045
-1.85805998605613
-1.76274980625181
-1.66743962644749
-1.57212944664317
-1.47681926683884
-1.38150908703452
-1.28619890723020
-1.19088872742588
-1.09557854762156
-1.00026836781723
-0.904958188012912
-0.809648008208590
-0.714337828404267
-0.619027648599945
-0.523717468795624
-0.428407288991302
-0.333097109186980
-0.237786929382658
-0.142476749578336
-0.0471665697740136
0.0481436100303085
0.143453789834631
0.238763969638953
0.334074149443274
0.429384329247596
0.524694509051918
0.620004688856240
0.715314868660562
0.810625048464885
0.905935228269207
1.00124540807353
1.09655558787785
1.19186576768217
1.28717594748649
1.38248612729082
1.47779630709514
1.57310648689946
1.66841666670378
1.76372684650810
1.85903702631243
1.95434720611675
2.04965738592107
2.14496756572539
2.24027774552971
2.33558792533404
2.43089810513836
2.52620828494268
2.62151846474700
2.71682864455133
2.81213882435565
2.90744900415997
3.00275918396429
3.09806936376861
3.19337954357293
3.28868972337726
3.38399990318158
3.47931008298590
3.57462026279022
3.66993044259454
3.76524062239887
3.86055080220319
3.95586098200751
4.05117116181183
4.14648134161616
4.24179152142048
4.33710170122480
4.43241188102912
4.52772206083344
4.62303224063776
4.71834242044209
4.81365260024641
4.90896278005073
5.00427295985505
5.09958313965938
5.19489331946370
5.29020349926802
5.38551367907234
5.48082385887666
5.57613403868099
5.67144421848531
5.76675439828963
5.86206457809395
5.95737475789827
6.05268493770260
6.14799511750692
6.24330529731124
6.33861547711556
6.43392565691988
6.52923583672420
6.62454601652853
6.71985619633285
6.81516637613717