# Coordinates of the points in the shock zone, mach_min = 1.3 
# X 
-15317.914442971829 -14946.189294837102 -12497.464410329532 -12424.833837850932 -3502.7422594579716 -3668.7270038013407 -3578.3435693425376 -3970.382228601186 -4203.886995257041 -2896.0479863809815 -3038.0113895104696 -3327.964280690726
# Y 
-1127.6401194387026 -1220.6148639932592 72.04072506519019 89.33057330432008 971.8405922843763 1078.0444600323542 1122.826502819535 1051.365083007418 1053.0571625460284 1153.118973627536 972.894948485498 1158.2622794790898
# Z 
-60.899613919161126 -260.14940612489175 -11.697092276587698 -13.065819672022252 -76.01441742073607 -117.51720830483926 -130.3900575017219 32.344601713635996 38.31675320303629 66.59830841533338 -95.57554370569918 15.438020288632641
# div v 
-0.0007447383268795952 -0.00027287363366643066 -1.8515029609616498e-06 -1.5030964445912073e-06 -0.00010916475145236878 -1.656813377915985e-05 -0.00016511945718628105 -0.0003111678166587725 -0.00012509862377076218 -0.00134067609071242 -2.3679143923125996e-05 -2.0141773759296648e-05
# T 
6804.668553230475 22051.831009760936 3005.2076885212177 3221.547769420349 7652.8070412325405 12004.736096000965 7685.242785016787 8663.547594938662 8015.83006433108 11004.695216330945 7951.220410601238 8131.386211761838
# index in the tree 
6630389 7273268 11561249 11654077 16374374 16374528 16374561 16375094 16378743 16417057 16417424 16417592
