# Indeces of the shock zone points that are in the shock surface (I.E. they refer to the shockzone file) 
0 1 3 4 6 7 8 9 15 18 19 21 25 26 28 29 30 31 32 34 35 37 39 43 57 60 61 62 67 70 75 83 85 87 96 110 112 113 117 119 121 127 131 142 145 146 147 148 162 163 183 185 195 208 209 210 213 216 217 219 224 226 227 230 232 233 236 246 255 261 262 263 264 278 280 282 286 287 288 289 292 293 295 296 297 298 299
# mach number according to T jump
22.706621644575627 22.839816134921204 1.7101786031403112 1.6804217845677587 1.4224163130461511 1.5626571427542593 1.9591249636488266 1.400774603045949 1.805576592743501 1.8018574296912757 1.587887067624546 1.653995883846394 1.5862939370971958 1.612409291432577 1.6081610540832112 1.6973751123226515 1.6251779886620195 1.6182665772299705 1.7068610387416732 1.8160790217916196 1.382851775291441 1.807773721045294 1.384920559569734 1.5757183426756909 1.7403337751328298 1.9356147469469918 1.5618620657359 1.5949096670305978 1.950777662413513 1.8120330731805931 1.4081415917486382 2.1431866895339327 1.3909430793787179 2.307412437472046 2.1028228845824293 2.354089559228404 2.309701243608373 2.3190015646458297 2.2558848090449133 2.1680012648806164 1.8087422373853195 2.15968554271045 1.7899741546239034 2.352149883202029 2.76790245001472 2.3566707859008393 2.0014643136921735 2.2608333918966523 2.204626154138994 2.674603043232448 1.4845209244816744 1.3819304114072093 1.4097913636046464 2.2765714259520387 2.2332567696757324 2.6203954797616458 2.5001887104212863 2.3181552535861436 2.227717119543737 2.111654483149485 1.8231779058239792 1.9267263897734788 1.970765075679813 2.120958682934046 1.9325514881441017 1.988663108903371 1.434192228420704 1.9509073222439508 1.4412894711789532 2.6141796332897593 2.050601892035959 2.1089401027678463 2.137403122277521 1.379891715557967 1.4988736917441945 1.4910219783200311 1.7839865417832999 1.848951840362731 1.6672859385973688 1.5832664098825455 1.8297392824960772 1.679342632350435 1.6794346546082513 1.8554618653883914 1.7139009031092478 1.773431564445755 1.6354684919613625
# mach number according to P jump
13.141712187439262 10.895522064571281 3.7843996136106566 3.0296877093596635 1.9048474828169697 2.962044943847768 5.331479496337203 1.9068960820550875 4.160907055407345 3.320762480952695 1.9967816321335012 2.8169532089152263 2.7738604613954077 2.9368696243989256 2.1324898981970652 2.55744742193775 2.1853505196953447 2.233813905888525 4.631435647057096 5.647510009209835 1.7344066355883625 6.774054521670548 1.8112957193053358 2.278097408658571 2.842921711805649 3.1159126187021338 2.005382869195143 1.8886066286433645 4.969927165936832 3.669782764476933 2.1247340495963036 5.031777413983345 2.078614698535575 6.391307736870515 5.456021649871789 7.47190411943393 5.622519274435899 6.522139736243497 4.727864810607595 3.8889030761910193 4.124304308264045 6.174142613790273 2.705203746452489 6.7645167869783664 12.535893777597753 5.773395205980134 3.3152401138620946 6.523483262469444 4.7635998054457644 11.299265741828087 2.3662891874540306 1.9465939290007759 2.108151411619923 3.3062105750651956 3.660230180273876 5.860584064117963 6.029744275545114 4.131705526020625 4.232536692947212 2.9308965172447197 2.6510443851329097 2.030462311298049 3.045514287249213 2.8097562340423012 2.479575375132293 3.1236434958643553 2.4539505813092406 2.9290024391714753 2.3631608778360578 6.548683964365414 3.349904332980241 2.3589338834617077 3.665890358901325 2.0212401224721215 2.639378313031925 2.566226845012861 2.293907068666906 2.1577891379734506 2.2524701918169527 1.9415823771222702 2.323696503372825 2.3072917662546435 2.495110665645654 2.4043457178084653 1.5726605877078381 2.2902734552683293 2.119203466289134
# mach number according to Den jump
1.1837974490485828 0.9097973345919711 nan nan 3.4809129343555822 nan nan 3.645675628846045 nan nan 3.235944673075386 nan nan nan 4.708784064815536 nan 5.662975158856645 8.373285937080023 nan nan 2.507014623963581 nan 2.9329611112236362 nan nan nan 3.45926862803551 2.548122032867889 nan nan nan nan 15.134033226351395 nan nan nan nan nan nan nan nan nan nan nan nan nan nan nan nan nan nan 4.399438591890311 nan nan nan nan nan nan nan nan nan 2.3244799613337874 nan nan 10.073423175024507 nan nan nan nan nan nan 3.2747112226723014 nan 6.77987095235652 nan nan 5.612548033441849 3.161940776740405 7.799071925590522 2.929769996391022 5.481370435613023 21.307832259627197 nan 8.39465943993122 1.5052422296063106 5.742917768287624 4.259749633927503
# Tree indeces of the pre shock zone points corresponding to the shock surface points 
10316708 10316759 11791331 11791331 11791334 11791326 11791306 11791303 11791306 11791297 11791364 11791367 11791350 11791356 11791637 11791637 11791364 11791635 11791321 11791321 11791413 11791679 11791429 11791350 11791637 11791604 11791634 11791646 11791695 11791623 11791423 11892745 11884006 11884035 11884018 11884035 11929597 11893841 11929590 11929587 11791681 11791692 11791601 11893615 11928935 11928934 11893841 11893841 11893783 11893841 11893526 11893963 11893520 11894035 11894038 11894083 11894037 11894056 11894051 11894170 11894309 11894332 11894539 11894557 11894344 11894348 11894520 11894539 11894526 11894055 11894167 11894055 11894542 11895899 11894531 11894531 11976281 11976293 11900370 11900364 11976200 11900370 11900372 11976278 11976280 11976282 11900384
# Tree indeces of the post shock zone points corresponding to the shock surface points 
10316738 10316738 11791444 11791510 11791509 14373497 14373500 14373653 11791447 11791518 11791391 11791382 11791374 11791376 11791382 11791418 11791382 11791413 11791374 11791396 11791400 11791418 11791433 11791509 11791421 11892458 11791412 11791412 11892457 11791411 11892272 11892659 11892492 11892625 11892663 11892652 11892662 11892791 11892662 11892781 11892907 11892887 11892450 11893882 11893971 11892656 11893580 11892638 11893895 11893981 11895482 11893972 11895922 11894005 11893520 11895922 11895883 11894190 11894531 11894497 11894324 11894324 11894380 11894374 11894360 11900965 11896050 11894505 11896067 11896027 11894526 11894670 11894467 11896013 11896067 11896011 11900342 11900341 11900361 11900349 11900387 11900374 11900387 11900390 11900382 12652738 11900341
